5.146087e-03	-8.286949e-04	9.327600e-05	1.169954e-05	-2.473303e-04	-5.331340e-05	-9.023985e-06	-1.708218e-06	-1.820449e-05	-1.803772e-05	-1.833813e-06	1.973222e-06	-8.315359e-07	-8.894270e-06	-5.162261e-06	-2.226493e-06	-3.981692e-03	
-8.286949e-04	4.229903e-03	-7.026552e-04	-2.870618e-05	-2.007933e-04	-7.477203e-05	-5.049399e-05	-7.138415e-06	-1.971622e-05	1.670798e-06	-6.986747e-06	1.140914e-06	-4.332504e-06	1.629559e-06	-6.311479e-06	6.661877e-06	-2.323502e-03	
9.327600e-05	-7.026552e-04	2.274705e-03	-5.912280e-05	-5.339898e-05	-1.278701e-04	-6.437302e-05	-1.421697e-06	-3.237850e-06	-8.886204e-06	-6.686058e-06	-1.825325e-06	-3.400700e-06	-1.620098e-06	3.514759e-06	-2.445912e-06	-1.335083e-03	
1.169954e-05	-2.870618e-05	-5.912280e-05	1.819970e-04	-3.552903e-06	4.415328e-06	-5.306454e-07	-6.265278e-06	-2.582004e-07	-3.016345e-08	-3.478276e-07	-9.061245e-08	-8.543711e-07	5.903751e-07	-1.113416e-06	2.585285e-07	-9.822855e-05	
-2.473303e-04	-2.007933e-04	-5.339898e-05	-3.552903e-06	1.216666e-03	-1.136221e-04	1.317902e-05	-5.735884e-07	-6.117413e-05	-8.869324e-06	9.960532e-07	8.344180e-07	-1.742375e-05	-1.868282e-06	1.525063e-06	1.608825e-06	-5.264204e-04	
-5.331340e-05	-7.477203e-05	-1.278701e-04	4.415328e-06	-1.136221e-04	9.043302e-04	-1.008757e-04	-5.950842e-07	-5.306782e-05	-1.208709e-05	-4.653868e-06	-2.540848e-07	-8.561621e-06	-5.377333e-06	-1.902137e-06	1.254247e-06	-3.478232e-04	
-9.023985e-06	-5.049399e-05	-6.437302e-05	-5.306454e-07	1.317902e-05	-1.008757e-04	5.396613e-04	-5.582098e-06	-3.213548e-05	-2.511726e-05	-1.030620e-05	-1.249895e-06	3.371922e-06	-7.506572e-06	-8.433616e-06	-2.312969e-06	-2.322837e-04	
-1.708218e-06	-7.138415e-06	-1.421697e-06	-6.265278e-06	-5.735884e-07	-5.950842e-07	-5.582098e-06	4.835432e-05	-3.655948e-07	-1.975677e-06	-2.125995e-06	-2.052784e-06	-4.100295e-07	-1.255080e-06	1.194563e-07	-1.017993e-06	-1.711289e-05	
-1.820449e-05	-1.971622e-05	-3.237850e-06	-2.582004e-07	-6.117413e-05	-5.306782e-05	-3.213548e-05	-3.655948e-07	3.613824e-04	-2.421410e-05	7.346556e-07	-8.450152e-08	-4.956843e-05	-6.631656e-06	-1.444192e-06	-1.700118e-07	-8.763150e-05	
-1.803772e-05	1.670798e-06	-8.886204e-06	-3.016345e-08	-8.869324e-06	-1.208709e-05	-2.511726e-05	-1.975677e-06	-2.421410e-05	1.651170e-04	-9.918027e-06	-7.484334e-07	-2.144563e-05	-1.040057e-05	-3.991890e-06	-1.468446e-06	-1.420437e-05	
-1.833813e-06	-6.986747e-06	-6.686058e-06	-3.478276e-07	9.960532e-07	-4.653868e-06	-1.030620e-05	-2.125995e-06	7.346556e-07	-9.918027e-06	7.629305e-05	-2.955482e-06	-2.201488e-06	-8.573100e-06	-6.176704e-06	-1.552186e-06	-9.422656e-06	
1.973222e-06	1.140914e-06	-1.825325e-06	-9.061245e-08	8.344180e-07	-2.540848e-07	-1.249895e-06	-2.052784e-06	-8.450152e-08	-7.484334e-07	-2.955482e-06	2.416405e-05	-4.438458e-07	-3.256093e-07	-2.656414e-06	-3.772754e-06	-9.234212e-06	
-8.315359e-07	-4.332504e-06	-3.400700e-06	-8.543711e-07	-1.742375e-05	-8.561621e-06	3.371922e-06	-4.100295e-07	-4.956843e-05	-2.144563e-05	-2.201488e-06	-4.438458e-07	1.660588e-04	-2.308468e-05	1.756746e-06	1.956582e-07	-2.113677e-05	
-8.894270e-06	1.629559e-06	-1.620098e-06	5.903751e-07	-1.868282e-06	-5.377333e-06	-7.506572e-06	-1.255080e-06	-6.631656e-06	-1.040057e-05	-8.573100e-06	-3.256093e-07	-2.308468e-05	1.033678e-04	-1.702802e-05	8.420561e-07	7.484280e-07	
-5.162261e-06	-6.311479e-06	3.514759e-06	-1.113416e-06	1.525063e-06	-1.902137e-06	-8.433616e-06	1.194563e-07	-1.444192e-06	-3.991890e-06	-6.176704e-06	-2.656414e-06	1.756746e-06	-1.702802e-05	6.943289e-05	-7.138443e-06	3.052241e-07	
-2.226493e-06	6.661877e-06	-2.445912e-06	2.585285e-07	1.608825e-06	1.254247e-06	-2.312969e-06	-1.017993e-06	-1.700118e-07	-1.468446e-06	-1.552186e-06	-3.772754e-06	1.956582e-07	8.420561e-07	-7.138443e-06	3.333426e-05	-9.508025e-06	
-3.981692e-03	-2.323502e-03	-1.335083e-03	-9.822855e-05	-5.264204e-04	-3.478232e-04	-2.322837e-04	-1.711289e-05	-8.763150e-05	-1.420437e-05	-9.422656e-06	-9.234212e-06	-2.113677e-05	7.484280e-07	3.052241e-07	-9.508025e-06	8.947858e-03	
